1074552
1074553
1074554
1074555
1074556
1074557
1074558
1074559
1074560
1074561
1074562
1074563
1074564
1074565
1074566
1074567
1074568
1074569
1074570
1074574
1074575
1074576
1074577
1074578
1074579
1074580
1074588
1074589
1074590
1074591
1074592
1074593
1074594
1074595
1074600
1074601
1074602
1074603
1074604
1074605
1074606
1074614
1074615
1074616
1074617
1074618
1074619
1074620
1074626
1074627
1074628
1074629
1074630
1074631
1074632
1074633
1074634
1074635
1074636
1074637
1074638
1074640
1074641
1074642
1074643
1074644
1074645
1074646
1074647
1074648
1074649
1074650
1074651
1074653
1074654
1074655
1074656
1074657
1074658
1074659
1074660
1074661
1074662
1074663
1074664
1074665
1074666
1074667
1074668
1074669
1074670
1074671
1074672
1074677
1074678
1074679
1074680
1074681
1074682
1074683
1074684
1074685
1074686
1074687
1074688
1074689
1074690
1074691
1074692
1074693
1074701
1074702
1074703
1074704
1074705
1074706
1074707
1074708
1074709
1074710
1074711
1074712
1074713
1074714
1074715
1074716
1074717
1074718
1074719
1074720
1074721
1074722
1074723
1074724
1074725
1074726
1074727
1074728
1074729
1074730
1074731
1074735
1074736
1074737
1074738
1074739
1074740
1074741
1074742
1074748
1074749
1074750
1074751
1074752
1074753
1074754
1074755
1074758
1074759
1074760
1074761
1074762
1074780
1074781
1074782
1074783
1074784
1074785
1074786
1074787
1074788
1074789
1074790
1074791
1074792
1074793
1074794
1074795
1074796
1074797
1074798
1074799
1074800
1074801
1074802
1074803
1074804
1074805
1074806
1074807
1074842
1074843
1074844
1074845
1074846
1074847
1074848
1074849
1074865
1074866
1074867
1074868
1074869
1074870
1074887
1074888
1074889
1074890
1074891
1074892
1074893
1074894
1074901
1074902
1074903
1074904
1074905
1074906
1074907
1074908
1074993
1074994
1074995
1074996
1074997
1074998
1074999
1075000
1075001
1075002
1075003
1075004
1075005
1075006
1075027
1075042
1075043
1075044
1075045
1075046
1075054
1075074
1075131
1075136
1075175
1075183
1075184
1075186
1075191
1075192
1075193
1075194
1075195
1075196
1075197
1075198
1075199
1075200
1075201
1075202
1075203
1075204
1075205
1075206
1075207
1075208
1075209
1075210
1075211
1075212
1075213
1075269
1075275
1075278
1075293
1075295
1075296
1075297
1075298
1075299
1075300
1075301
1075302
1075303
1075304
1075305
1075306
1075307
1075308
1075310
1075311
1075312
1075313
1075322
1075323
1075327
1075328
1075329
1075330
1075331
1075332
1075333
1075334
1075335
1075336
1075337
1075338
1075344
1075345
1075346
1075347
1075348
1075349
1075350
1075351
1075352
1075354
1075360
1075363
1075364
1075365
1075367
1075371
1075372
1075373
1075374
1075375
1075376
1075377
1075379
1075409
1075410
1075411
1075412
1075413
1075414
1075415
1075416
1075417
1075418
1075419
1075420
1075421
1075422
1075423
1075424
1075451
1075509
1075534
1075536
1075537
1075538
1075539
1075540
1075541
1075543
1075590
1075625
1075655
1075664
1075668
1075669
1075670
1075671
1075672
1075673
1075697
1075698
1075699
1075700
1075701
1075702
1075755
1075756
1075757
1075758
1075759
1075760
1075761
1075762
1075766
1075804
1075878
1075900
1075914
1075969
1075980
1076007
1076019
1076034
1076035
1076036
1076037
1076039
1076041
1076042
1076045
1076046
1076048
1076049
1076222
1076223
1076224
1076225
1076226
1076227
1076228
1076230
1076233
1076239
1076318
1076319
1076334
1076411
1076431
1076432
1076433
1076434
1076435
1076436
1076437
1076438
1076439
1076440
1076558
1076559
1076593
1076641
1076642
1076647
1076650
1076653
1076656
1076717
1076718
1076719
1076721
1076722
1076724
1076725
1076804
1076806
1076808
1076810
1076812
1076814
1076816
1076818
1076820
1076822
1076847
1076866
1078335
1078336
1078386
1078387
1078388
1078485
1078486
1078487
1078488
1078489
1078490
1078491
1078492
1078493
1078494
1078495
1078496
1078497
1078498
1078499
1078500
1078501
1078505
1078519
1078521
1078665
1078666
1078667
1078668
1078669
1078670
1078671
1078672
1078673
1078674
1078682
1078698
1078699
1078700
1078716
1078717
1078718
1078719
1078720
1078721
1078722
1078723
1078724
1078725
1078726
1078727
1078728
1078752
1078753
1078754
1078755
1078756
1078757
1078758
1078759
1078780
1078781
1078782
1078783
1078784
1078785
1078786
1078787
1078788
1078789
1078795
1078796
1078797
1078818
1078819
1078820
1078821
1078822
1078823
1078824
1078902
1078903
1078904
1078905
1078906
1078907
1078908
1078909
1078919
1078920
1078921
1078922
1079198
1079199
1079200
1079201
1079202
1079203
1079204
1079205
1079206
1079207
1079208
1079209
1079210
1079211
1079212
1079218
1079219
1079220
1079221
1079222
1079223
1079224
1079225
1079226
1079227
1079228
1079229
1079230
1079231
1079232
1079233
1079291
1079293
1079294
1079295
1079296
1079297
1079298
1079299
1079300
1079301
1079302
1079308
1079309
1079310
1079311
1079312
1079313
1079314
1079315
1079316
1079317
1079318
1079319
1079320
1079321
1079322
1079323
1079332
1079333
1079334
1079335
1079336
1079337
1079338
1079339
1079340
1079341
1079342
1079378
1079379
1079380
1079381
1079382
1079383
1079384
1079385
1079386
1079452
1079453
1079454
1079455
1079456
1079457
1079458
1079459
1079460
1079461
1080840
1080841
1080842
1080843
1080844
1080845
1080846
1080847
1080848
1080849
1080850
1080851
1080852
1080860
1080861
1080862
1080863
1080864
1080865
1080866
1080867
1080868
1080869
1080870
1080871
1080872
1080873
1080874
1080875
1080876
1080877
1080878
1080900
1080901
1080902
1080903
1080904
1080905
1080906
1080907
1080908
1080909
1080910
1080911
1080912
1080913
1080914
1080922
1080923
1080924
1080925
1080926
1080927
1080928
1080929
1080930
1080931
1080932
1080947
1080948
1080949
1080950
1080951
1080952
1080953
1080954
1080955
1080956
1080957
1080958
1081017
1081018
1081019
1081020
1081021
1081022
1081026
1081028
1081034
1081044
1081045
1081046
1081047
1081048
1081049
1081050
1081051
1081052
1081053
1081054
1081055
1081056
1081057
1081058
1081059
1081060
1081061
1081225
1081272
1081273
1081274
1081275
1081276
1081277
1081278
1081279
1081280
1081281
1081282
1081283
1081284
1081285
1081286
1081287
1081288
1081289
1081295
1081296
1081297
1081298
1081299
1081300
1081301
1081302
1081303
1081304
1081305
1081306
1081307
1081308
1081309
1081310
1081311
1081312
1081314
1081315
1081316
1081317
1081318
1081319
1081320
1081336
1081343
1081344
1081345
1081346
1081347
1081348
1081349
1081350
1081351
1081352
1081353
1081354
1081537
1081538
1081539
1081552
1081633
1081634
1081635
1081636
1081637
1081638
1081639
1081640
1081642
1081643
1081644
1084528
1084529
1084530
1084531
1084532
1084533
1084534
1084535
1084536
1084537
1084538
1084539
1084540
1084541
1084583
1084584
1084602
1084632
1084633
1084662
1086194
1086195
1086196
1086199
1086200
1086201
1086202
1086203
1086204
1086205
1086206
1086207
1086208
1086210
1086212
1086213
1086215
1086219
1086220
1086221
1086222
1086223
1086224
1086225
1086226
1086230
1086231
1086232
1086237
1086238
1086239
1086240
1086242
1086244
1086247
1086248
1086249
1086250
1086251
1086252
1086253
1086254
1086256
1086257
1086258
1086264
1086265
1086266
1086267
1086268
1086269
1086270
1086271
1086272
1086273
1086274
1086275
1086276
1086277
1086278
1086280
1086281
1086282
1086283
1086288
1086289
1086290
1086291
1086292
1086293
1086294
1086295
1086296
1086297
1086298
1086299
1086300
1086301
1086302
1086303
1086304
1086320
1086322
1086323
1086324
1086325
1086326
1086327
1086331
1086332
1086333
1086334
1086335
1086336
1086340
1086341
1086342
1086343
1086344
1086345
1086355
1086356
1086357
1086359
1086360
1086361
1086362
1086363
1086364
1086365
1086366
1086367
1086369
1086370
1086371
1086372
1086373
1086374
1086375
1086376
1086416
1086417
1086588
1086589
1086590
1086591
1086592
1086593
1086594
1086595
1086596
1086597
1086598
1086599
1086600
1086601
1086602
1086603
1086604
1086605
1086606
1086607
1086608
1086636
1086637
1086638
1086639
1086640
1086641
1086642
1086643
1086644
1086646
1086647
1086648
1086654
1086655
1086656
1086657
1086658
1086659
1086660
1086661
1086662
1086663
1086664
1086665
1086666
1086667
1086668
1086669
1086670
1086671
1086672
1086673
1086674
1086675
1086676
1086677
1086678
1086679
1086680
1086681
1086682
1086683
1086684
1086685
1086686
1086687
1086693
1086694
1086695
1086696
1086697
1086698
1086699
1086700
1086703
1086704
1086705
1086706
1086707
1086708
1086709
1086710
1086711
1086712
1086713
1086714
1086715
1086716
1086717
1086718
1086719
1086720
1086721
1086722
1086723
1086724
1086725
1086726
1086727
1086728
1086729
1086730
1086731
1086732
1086733
1086735
1086736
1086807
1086808
1086809
1086810
1086811
1086812
1086813
1086814
1086815
1086816
1086817
1086818
1086819
1086820
1086821
1086822
1086823
1086824
1086825
1086826
1086827
1086828
1086829
1086830
1086831
1086835
1086836
1086837
1086838
1086846
1086847
1086848
1086849
1086850
1086851
1086852
1086853
1086854
1086855
1086856
1086857
1086858
1086859
1086860
1086861
1086862
1086863
1086864
1086865
1086866
1086867
1086868
1086869
1086870
1086871
1086872
1086873
1086874
1086875
1086876
1086877
1086878
1086879
1086880
1086881
1086882
1086883
1086884
1086885
1086886
1086887
1086888
1086889
1086890
1086897
1086898
1086899
1086900
1086901
1086903
1086904
1086905
1086906
1086907
1086908
1086909
1086910
1086911
1086912
1086913
1086914
1086919
1086920
1086921
1086924
1086925
1086926
1086927
1086928
1086929
1086930
1086931
1086932
1086933
1086934
1086935
1086936
1086937
1086938
1086939
1086940
1086942
1086943
1087005
1087665
1087666
1088211
1088212
1088213
1088214
1088215
1088216
1088341
1088342
1088343
1088344
1088345
1088346
1088347
1088348
1088349
1088350
1088351
1088354
1088355
1088356
1088357
1088358
1088359
1088360
1088361
1088362
1088363
1088364
1088365
1088368
1088369
1088370
1088371
1088372
1088373
1088374
1088375
1088376
1088377
1088381
1088382
1088383
1088384
1088385
1088386
1088387
1088393
1088394
1088395
1088403
1088404
1088405
1088406
1088407
1088408
1088409
1088410
1088411
1088412
1088413
1088414
1088415
1088418
1088419
1088422
1088424
1088432
1088472
1088473
1088474
1088475
1088476
1088477
1088478
1088479
1088480
1088481
1088482
1088483
1088484
1088485
1088486
1088488
1088489
1088490
1088491
1088492
1088493
1088494
1088495
1088497
1088498
1088499
1088504
1088505
1088506
1088507
1088508
1088509
1088510
1088512
1088513
1092305
1092306
1092307
1092308
1092309
1092310
1092311
1092312
1092313
1092314
1092315
1092316
1092317
1092318
1092323
1092324
1092325
1092326
1092327
1092328
1092329
1092330
1092331
1092332
1092333
1092334
1098825
1098826
1098827
1098828
1098829
1098830
1098831
1098832
1098833
1098834
1098835
1098836
1098837
1098838
1098853
1098855
1098872
1098873
1098874
1098875
1099103
1099104
1099105
1099123
1099124
1099125
1099135
1099136
1099137
1099138
1099172
1099173
1099174
1099175
1099226
1099227
1099228
1099229
1099230
1099274
1099275
1099276
1099277
1099278
1099279
1099280
1099281
1099282
1099284
1099285
1099331
1099332
1099333
1099334
1099335
1099336
1099337
1099338
1099339
1099340
1099341
1099342
1099344
1099346
1100114
1100115
1100116
1100117
1100118
1100119
1100120
1100121
1100123
1100124
1100125
1100126
1100127
1100128
1100131
1100132
1100133
1100134
1100135
1100136
1100138
1100140
1100141
1100142
1100143
1100144
1100146
1100153
1100154
1100155
1100156
1100157
1100158
1100159
1100160
1100164
1100165
1100166
1100167
1100168
1100169
1100174
1100178
1100194
1100196
1100197
1100198
1100199
1100200
1100201
1100202
1100203
1100204
1100205
1100206
1100207
1100208
1100219
1100220
1100221
1100222
1100223
1100224
1100225
1100226
1100227
1100228
1100229
1100231
1100235
1100236
1100237
1100238
1100243
1100244
1100245
1100246
1100247
1100249
1100250
1100256
1100257
1100259
1100266
1100267
1100268
1100269
1100272
1100273
1100274
1100275
1100276
1100277
1100278
1100279
1100280
1100281
1100282
1100283
1100284
1100285
1100310
1100312
1100313
1100314
1100315
1100342
1100344
1100369
1100370
1100371
1100372
1100373
1100374
1100375
1100376
1100377
1100378
1100379
1100380
1100405
1100406
1100431
1101317
1101318
1101319
1101320
1101321
1101322
1101323
1101324
1101325
1101451
1101452
1101453
1101454
1101455
1101456
1101457
1101458
1101459
1102087
1102088
1102089
1102090
1102093
1102101
1102105
1102106
1102107
1102108
1102109
1102110
1102112
1102113
1102140
1102141
1102142
1102143
1102144
1102145
1102150
1102151
1102152
1102153
1102154
1102173
1102174
1102175
1102182
1102183
1102184
1102185
1102214
1102215
1102216
1102217
1102218
1102219
1102220
1102221
1102222
1102223
1102224
1102225
1102228
1102231
1102236
1102237
1102238
1102239
1102240
1102241
1102242
1102243
1102244
1102245
1102246
1102247
1102248
1102249
1102250
1102251
1102252
1102253
1102254
1102255
1102256
1102257
1102258
1102260
1102261
1102268
1102271
1102272
1102273
1102274
1102275
1102276
1102278
1102292
1102293
1102294
1102295
1102296
1102297
1102299
1102434
1102435
1102436
1102437
1102442
1102446
1102488
1102489
1102490
1102491
1102492
1102493
1102494
1102497
1104323
1104324
1104325
1104326
1104327
1104328
1104330
1104333
1104336
1104451
1104452
1104453
1104454
1104455
1104456
1104457
1104458
1104459
1104463
1104472
1104473
1104474
1104475
1104476
1104477
1104544
1104545
1104546
1104547
1104548
1104549
1104550
1104551
1104552
1104553
1104554
1104555
1104556
1104557
1104558
1104559
1104560
1104561
1104562
1104563
1104564
1104565
1104642
1104643
1104644
1104645
1104646
1104647
1105840
1105841
1105842
1105843
1105844
1105845
1105846
1105847
1105848
1105849
1105850
1105851
1105852
1105853
1105854
1105855
1105856
1105857
1105858
1105859
1106279
1106285
1106286
1106287
1106288
1106289
1106290
1106291
1106325
1106326
1106327
1106338
1106339
1106372
1106373
1106381
1106382
1106418
1106425
1106426
1106767
1106768
1106769
1106770
1106771
1107228
1107229
1107230
1107231
1107232
1107233
1107234
1107235
1107236
1107237
1107238
1107419
1107420
1107421
1107422
1107423
1107428
1107429
1107430
1107431
1107432
1107433
1107434
1107435
1107436
1107437
1107438
1107439
1107440
1107441
1107442
1107443
1107444
1107445
1107446
1107447
1107448
1107449
1107451
1107452
1107453
1107454
1107455
1107456
1107459
1107460
1107461
1107462
1107463
1107464
1107465
1107466
1107615
1107616
1107617
1107618
1107619
1107620
1107621
1107622
1107627
1107628
1107629
1107630
1107631
1107632
1107633
1107634
1107635
1107636
1107637
1107638
1107639
1107640
1107641
1107642
1107643
1107644
1107672
1107673
1107675
1107676
1107677
1107678
1107679
1107680
1107681
1107682
1107683
1107684
1107685
1107686
1107687
1107688
1107696
1107697
1107698
1107699
1107700
1107701
1107702
1107703
1107707
1107708
1107709
1107710
1107711
1107712
1107713
1107714
1107715
1107716
1107717
1107718
1107719
1107720
1107721
1107722
1107723
1107785
1107786
1107787
1107788
1107789
1107790
1107791
1107792
1107793
1107794
1107795
1107796
1107803
1107806
1107822
1107830
1108064
1108065
1108066
1108067
1108068
1111937
1111938
1111939
1111940
1111941
1111942
1112539
1112540
1112541
1112542
1112543
1112544
1112551
1112552
1112553
1112554
1112555
1112556
1112566
1112567
1112568
1112569
1112570
1112571
1112572
1112573
1112574
1112865
1112866
1112867
1112868
1112869
1112870
1113762
1113766
1113767
1113768
1113769
1113770
1113771
1113772
1113773
1113774
1113775
1113776
1113777
1113778
1113779
1113811
1113812
1113813
1113814
1113815
1113816
1113817
1113818
1113825
1113826
1113827
1113828
1113829
1113830
1113840
1113841
1113842
1113843
1113844
1113845
1113846
1113847
1113848
1113871
1113872
1113873
1113874
1113875
1113876
1113877
1113878
1113879
1113880
1113881
1113882
1113884
1113885
1113886
1113887
1113889
1113917
1113918
1113919
1113920
1113921
1113922
1113923
1113924
1113940
1113941
1113942
1113943
1113944
1113945
1113946
1113947
1113948
1113949
1113950
1113951
1113952
1113953
1113954
1113955
1113956
1113957
1113958
1114091
1114092
1114093
1114094
1114095
1114096
1114097
1114098
1114099
1114100
1114101
1114102
1114103
1114104
1114105
1114106
1114107
1114108
1114109
1114110
1114111
1114112
1114113
1114114
1114115
1114116
1114117
1114118
1114119
1114120
1114121
1114122
1114123
1114124
1114125
1114126
1114127
1114128
1114129
1114130
1114131
1114132
1114133
1114134
1114135
1114136
1114137
1114138
1114139
1114140
1114141
1114142
1114143
1114144
1114145
1114146
1114147
1114148
1114149
1114150
1114151
1114152
1114153
1114154
1114155
1114156
1114157
1114158
1114159
1114160
1114161
1114162
1114163
1114164
1114188
1114189
1114190
1114191
1114192
1114193
1114194
1114195
1114196
1114256
1114257
1114258
1114259
1114260
1114261
1114262
1114263
1114264
1114265
1114266
1114267
1114268
1114269
1114270
1114271
1114272
1114275
1114276
1114277
1114278
1114279
1114280
1114281
1114282
1114283
1114284
1114285
1114293
1114294
1114295
1114296
1114297
1114298
1114299
1114300
1114301
1114302
1114303
1114317
1114319
1114320
1114321
1114322
1114323
1114324
1114325
1114326
1114327
1114328
1114329
1114330
1114331
1114332
1114333
1114334
1114335
1114336
1114337
1114338
1114339
1114340
1114341
1114342
1114349
1114350
1114351
1114352
1114353
1114354
1114355
1114356
1114357
1114358
1114359
1114360
1114361
1114362
1114363
1114364
1114365
1114366
1114367
1114368
1114369
1114370
1114371
1114372
1114373
1114374
1114375
1114376
1114377
1114378
1114379
1114380
1114381
1114382
1114383
1114384
1114385
1114386
1114387
1114388
1114389
1114390
1114391
1114392
1114393
1114394
1114395
1114396
1114397
1114398
1114399
1114400
1114401
1114402
1114403
1114404
1114405
1114406
1114407
1114408
1114409
1114410
1114412
1114413
1114414
1114416
1114417
1114418
1114419
1114420
1114421
1114422
1114423
1114424
1114425
1114426
1114427
1114428
1114429
1114430
1114431
1114432
1114433
1114434
1114435
1114436
1114437
1114438
1114439
1114440
1114441
1114442
1114443
1114444
1114445
1114446
1114447
1114448
1114449
1114450
1114451
1114452
1114453
1114454
1114455
1114456
1114458
1114459
1114460
1114461
1114462
1114463
1114464
1114465
1114466
1114467
1114468
1114469
1114470
1114471
1114472
1114473
1114474
1114475
1114476
1114477
1114478
1114479
1114480
1114481
1114482
1114483
1114484
1114485
1114486
1114487
1114488
1114489
1114490
1114491
1114492
1114493
1114494
1114495
1114496
1114497
1114498
1114499
1114500
1114501
1114502
1114503
1114504
1114505
1114506
1114521
1114522
1114523
1114526
1114527
1114528
1114529
1114530
1114531
1114532
1114534
1114535
1114536
1114537
1114538
1114539
1114540
1114541
1114542
1114543
1114544
1114547
1114548
1114549
1114551
1114552
1114553
1114554
1114556
1114557
1114558
1114559
1114560
1114561
1114562
1114563
1114564
1114565
1114566
1114567
1114568
1114569
1114570
1114571
1114572
1114573
1114574
1114575
1114576
1114577
1114580
1114581
1114582
1114583
1114584
1114585
1114586
1114587
1114588
1114589
1114590
1114591
1114592
1114593
1114594
1114595
1114596
1114597
1114598
1114599
1114607
1114608
1114609
1114610
1114611
1114612
1114613
1114614
1114615
1114616
1114617
1114618
1114619
1114620
1114621
1114622
1114623
1114624
1114625
1114626
1114627
1114628
1114629
1114630
1114631
1114632
1114633
1114634
1114635
1114636
1114653
1114654
1114655
1114656
1114657
1114658
1114659
1114660
1114661
1114662
1114663
1114664
1114665
1114956
1114957
1114958
1114959
1114960
1114961
1114962
1114963
1114964
1114965
1114966
1114967
1114968
1114969
1114970
1114971
1114972
1114973
1114974
1114975
1114976
1114977
1114978
1114979
1114980
1114981
1114982
1114983
1114984
1114985
1114988
1114994
1114995
1114996
1114997
1115152
1115153
1115154
1115155
1115156
1115157
1115158
1115159
1115160
1115161
1115162
1115163
1115164
1115165
1115166
1115231
1115289
1115290
1115291
1115292
1115293
1115294
1115389
1115390
1115391
1115392
1115393
1115394
1115395
1115575
1115576
1115577
1115578
1115579
1115580
1115581
1115582
1115583
1115584
1115585
1116006
1116007
1116008
1116009
1116010
1116011
1116012
1116013
1116014
1116015
1116016
1116991
1116992
1116993
1116994
1116995
1117177
1117178
1117179
1117180
1117181
1117183
1117185
1117250
1117251
1117252
1117253
1117254
1117475
1117476
1117477
1117478
1117479
1117480
1117481
1117482
1117484
1117485
1117486
1117487
1117488
1117489
1117490
1117491
1117492
1117493
1117494
1117495
1117496
1117497
1117498
1117500
1117501
1117502
1117503
1117504
1117505
1117506
1117507
1117508
1117509
1117511
1117512
1117513
1117514
1117515
1117516
1117517
1117518
1117519
1117520
1117521
1117522
1117523
1117526
1117527
1117528
1117529
1117530
1117531
1117532
1117533
1117534
1117535
1117536
1117537
1117538
1117539
1117540
1117541
1117542
1117543
1117544
1117545
1117546
1117547
1117548
1117549
1117550
1117551
1117552
1117553
1117554
1117555
1117556
1117557
1117558
1117559
1117560
1117561
1117562
1117563
1117564
1117565
1117566
1117567
1117568
1117569
1117570
1117571
1117572
1117573
1117574
1117575
1117576
1117577
1117578
1117580
1117581
1117582
1117583
1117584
1117593
1117594
1117595
1117596
1117597
1117598
1117599
1117600
1117601
1117602
1117603
1117604
1117605
1117606
1117607
1117608
1117609
1117610
1117611
1117612
1117613
1117614
1117615
1117616
1117617
1117618
1117619
1117620
1117621
1117622
1117623
1117624
1117625
1117626
1117627
1117628
1117629
1117631
1117632
1117633
1117634
1117635
1117636
1117637
1117638
1117639
1117640
1117641
1117642
1117643
1117644
1117645
1117646
1117647
1117648
1117649
1117650
1117651
1117652
1117653
1117654
1117655
1117656
1117657
1117658
1117659
1117660
1117661
1117662
1117663
1117664
1117665
1117666
1117667
1117668
1117669
1117931
1117932
1117933
1117934
1117935
1117936
1117937
1117938
1117939
1118052
1118053
1118054
1118055
1118056
1118057
1118058
1118086
1118087
1118088
1118089
1118090
1118091
1118092
1118093
1118095
1118097
1118098
1118099
1119571
1119572
1119573
1119574
1119575
1119576
1119961
1119962
1119963
1119964
1119965
1120116
1120117
1120118
1120119
1120120
1120121
1120122
1120225
1120226
1120227
1120228
1120229
1120230
1120231
1120232
1120233
1120371
1120372
1120373
1120374
1120375
1120376
1120378
1120380
1120571
1120572
1120573
1120574
1120575
1120576
1120577
1120578
1120579
1122195
1122196
1122197
1122198
1122199
1122200
1122201
1122202
1122203
1122204
1122205
1122206
1122207
1122208
1122209
1122210
1122211
1122212
1122213
1122214
1125659
1125660
1125661
1125712
1125713
1125714
1125715
1125716
1125717
1125740
1143838
1143839
1143840
1143841
1143842
1143843
1143844
1143845
1143846
1143847
1143848